      MDL_CABI = 2.277360D-01
      AEWM1 = 1.279000D+02
      MDL_GF = 1.166390D-05
      AS = 1.180000D-01
      MDL_YMC = 1.420000D+00
      MDL_YMB = 4.700000D+00
      MDL_YMT = 1.743000D+02
      MDL_YMTAU = 1.777000D+00
      MDL_GZPU = 1.000000D-03
      MDL_GCHI = 1.000000D+00
      MDL_GVHQ = 2.500000D-01
      MDL_GVHX = 1.000000D+00
      MDL_GAHQ = 0.000000D+00
      MDL_GAHX = 0.000000D+00
      MDL_MV3 = 1.000000D+00
      MDL_ME = 5.110000D-04
      MDL_MM = 1.056600D-01
      MDL_MTA = 1.777000D+00
      MDL_MU = 2.550000D-03
      MDL_MC = 1.420000D+00
      MDL_MT = 1.743000D+02
      MDL_MD = 5.040000D-03
      MDL_MS = 1.040000D-01
      MDL_MB = 4.700000D+00
      MDL_MZ = 9.118800D+01
      MDL_MH = 1.200000D+02
      MDL_MZP = 1.000000D+00
      MDL_MZH = 1.000000D+03
      MDL_WT = 1.508336D+00
      MDL_WZ = 2.441404D+00
      MDL_WW = 2.047600D+00
      MDL_WH = 5.753088D-03
      MDL_WZP = 1.000000D-02
      MDL_WZH = 5.633863D+01
