      mcmass(1)=0.d0
      mcmass(2)=0.d0
      mcmass(3)=0.d0
      mcmass(4)=0.d0
      mcmass(5)=4.95d0
      mcmass(11)=0.510998928d-3
      mcmass(12)=0.d0
      mcmass(13)=0.1056583715d0
      mcmass(14)=0.d0
      mcmass(15)=1.77682d0
      mcmass(16)=0.d0
      mcmass(21)=0.d0
