      AEWM1 = 1.325070D+02
      MDL_GF = 1.166390D-05
      AS = 1.180000D-01
      MDL_YMT = 1.730000D+02
      MDL_YMTAU = 1.777000D+00
      MDL_MZ = 9.118800D+01
      MDL_MT = 1.730000D+02
      MDL_MH = 1.250000D+02
      MDL_MTA = 1.777000D+00
      MDL_WZ = 2.441404D+00
      MDL_WW = 2.047600D+00
      MDL_WT = 1.491500D+00
      MDL_WH = 6.382339D-03
