      MDL_CABI = 4.880000D-01
      AEWM1 = 1.279000D+02
      MDL_GF = 1.166378D-05
      AS = 1.180000D-01
      MDL_YMC = 0.000000D+00
      MDL_YMB = 4.800000D+00
      MDL_YMT = 1.725000D+02
      MDL_YMTAU = 1.777000D+00
      MDL_LRS = 3.000000D+03
      MDL_KTILDA = 1.000000D-01
      MDL_CLIGHT = 1.000000D-04
      MDL_CTOP = 1.000000D+00
      MDL_CG = 1.370000D-02
      MDL_SW2 = 2.312000D-01
      MDL_MTA = 1.777000D+00
      MDL_MC = 0.000000D+00
      MDL_MT = 1.725000D+02
      MDL_MB = 4.800000D+00
      MDL_MZ = 9.118760D+01
      MDL_MW = 8.038500D+01
      MDL_MH = 1.250000D+02
      MDL_MGR = 3.000000D+02
      MDL_WT = 1.491500D+00
      MDL_WZ = 2.495200D+00
      MDL_WW = 2.085000D+00
      MDL_WH = 6.382339D-03
      MDL_WGR = 1.000000D-03
