      MDL_CABI = 2.277360D-01
      MDL_CLL1X1 = 1.000000D+00
      MDL_CLL1X2 = 0.000000D+00
      MDL_CLL1X3 = 0.000000D+00
      MDL_CLL2X1 = 0.000000D+00
      MDL_CLL2X2 = 1.000000D+00
      MDL_CLL2X3 = 0.000000D+00
      MDL_CLL3X1 = 0.000000D+00
      MDL_CLL3X2 = 0.000000D+00
      MDL_CLL3X3 = 1.000000D+00
      MDL_CLQ1X1 = 9.741800D-01
      MDL_CLQ1X2 = 2.257730D-01
      MDL_CLQ1X3 = 0.000000D+00
      MDL_CLQ2X1 = -2.257730D-01
      MDL_CLQ2X2 = 9.741800D-01
      MDL_CLQ2X3 = 0.000000D+00
      MDL_CLQ3X1 = 0.000000D+00
      MDL_CLQ3X2 = 0.000000D+00
      MDL_CLQ3X3 = 1.000000D+00
      MDL_CRL1X1 = 1.000000D+00
      MDL_CRL1X2 = 0.000000D+00
      MDL_CRL1X3 = 0.000000D+00
      MDL_CRL2X1 = 0.000000D+00
      MDL_CRL2X2 = 1.000000D+00
      MDL_CRL2X3 = 0.000000D+00
      MDL_CRL3X1 = 0.000000D+00
      MDL_CRL3X2 = 0.000000D+00
      MDL_CRL3X3 = 1.000000D+00
      MDL_CRQ1X1 = 1.000000D+00
      MDL_CRQ1X2 = 2.257730D-01
      MDL_CRQ1X3 = 0.000000D+00
      MDL_CRQ2X1 = 0.000000D+00
      MDL_CRQ2X2 = 9.741800D-01
      MDL_CRQ2X3 = 0.000000D+00
      MDL_CRQ3X1 = 0.000000D+00
      MDL_CRQ3X2 = 0.000000D+00
      MDL_CRQ3X3 = 1.000000D+00
      AEWM1 = 1.279000D+02
      MDL_GF = 1.166370D-05
      AS = 1.184000D-01
      MDL_KL = 0.000000D+00
      MDL_KR = 1.000000D-02
      MDL_YMDO = 5.040000D-03
      MDL_YMUP = 2.550000D-03
      MDL_YMS = 1.010000D-01
      MDL_YMC = 1.270000D+00
      MDL_YMB = 4.700000D+00
      MDL_YMT = 1.720000D+02
      MDL_YME = 5.110000D-04
      MDL_YMM = 1.056600D-01
      MDL_YMTAU = 1.777000D+00
      MDL_MZ = 9.118760D+01
      MDL_ME = 5.110000D-04
      MDL_MMU = 1.056600D-01
      MDL_MTA = 1.777000D+00
      MDL_MU = 2.550000D-03
      MDL_MC = 1.270000D+00
      MDL_MT = 1.720000D+02
      MDL_MD = 5.040000D-03
      MDL_MS = 1.010000D-01
      MDL_MB = 4.700000D+00
      MDL_MH = 1.250000D+02
      MDL_MWP = 1.000000D+03
      MDL_WZ = 2.495200D+00
      MDL_WW = 2.085000D+00
      MDL_WT = 1.508336D+00
      MDL_WH = 4.070000D-03
      MDL_WWP = 3.354589D-03
