       mdl_MT              =1.730000e+02        
       mdl_MTA             =1.777000e+00        
       mdl_MZ              =9.118800e+01        
       mdl_MH              =1.250000e+02        
       aEWM1               =1.325070e+02        
       mdl_Gf              =1.166390e-05        
       aS                  =1.180000e-01        
       mdl_ymt             =1.730000e+02        
       mdl_ymtau           =1.777000e+00        
       mdl_WT              =1.491500e+00        
       mdl_WZ              =2.445696e+00        
       mdl_WW              =2.047600e+00        
       mdl_WH              =6.382339e-03        
       MU_R=   91.188000000000002     
       mdl_MT=   173.00000000000000     
       mdl_MTA=   1.7769999999999999     
       mdl_MZ=   91.188000000000002     
       mdl_MH=   125.00000000000000     
       aEWM1=   132.50700000000001     
       mdl_Gf=   1.1663900000000000E-005
       aS=  0.11799999999999999     
       mdl_ymt=   173.00000000000000     
       mdl_ymtau=   1.7769999999999999     
       mdl_WT=   1.4915000000000000     
       mdl_WZ=   2.4456959999999999     
       mdl_WW=   2.0476000000000001     
       mdl_WH=   6.3823389999999999E-003
