SetDesc: "Hessian NNPDF31_nnlo_as_0118_nf_4_mc_hessian"
SetIndex: 325500
Authors: NNPDF Collaboration. R.D. Ball, V. Bertone, S. Carrazza, L. Del Debbio, S. Forte, P. Groth-Merrild, A. Guffanti, N.P. Hartland, Z. Kassabov, J.I. Latorre, E. Nocera, J. Rojo, L. Rottoli, E. Slade and M. Ubiali
Reference: arXiv:1706.00428
Format: lhagrid1
DataVersion: 1
NumMembers: 101
Particle: 2212
Flavors: [-4, -3, -2, -1, 21, 1, 2, 3, 4]
OrderQCD: 2
FlavorScheme: variable
NumFlavors: 4
ErrorType: symmhessian
XMin: 1.0000000e-09
XMax: 1.0000000e+00
QMin: 1.6500000e+00
QMax: 1.0000000e+05
MZ: 4.9199900e+00
MUp: 0
MDown: 0
MStrange: 0
MCharm: 1.5100000e+00
MBottom: 4.9200000e+00
MTop: 1.7250000e+02
AlphaS_MZ: 0.2134902
AlphaS_OrderQCD: 2
AlphaS_Type: ipol
AlphaS_Qs: [1.6500000e+00, 1.7793910e+00, 1.9247333e+00, 2.0884973e+00, 2.2736105e+00, 2.4835549e+00, 2.7224883e+00, 2.9953961e+00, 3.3082803e+00, 3.6683991e+00, 4.0845679e+00, 4.5675444e+00, 5.1305183e+00, 5.7897417e+00, 6.5653430e+00, 7.4823834e+00, 8.5722375e+00, 9.8744066e+00, 1.1438917e+01, 1.3329511e+01, 1.5627920e+01, 1.8439624e+01, 2.1901684e+01, 2.6193436e+01, 3.1551251e+01, 3.8289017e+01, 4.6826828e+01, 5.7731479e+01, 7.1774137e+01, 9.0013188e+01, 1.1391437e+02, 1.4552664e+02, 1.8774214e+02, 2.4468456e+02, 3.2229530e+02, 4.2922806e+02, 5.7822978e+02, 7.8829760e+02, 1.0880891e+03, 1.5213834e+03, 2.1559410e+03, 3.0980758e+03, 4.5169627e+03, 6.6857830e+03, 1.0052440e+04, 1.5363022e+04, 2.3880935e+04, 3.7782467e+04, 6.0883588e+04, 1.0000000e+05]
AlphaS_Vals: [3.3074891e-01, 3.1833532e-01, 3.0643235e-01, 2.9501560e-01, 2.8406189e-01, 2.7354927e-01, 2.6345691e-01, 2.5376510e-01, 2.4445519e-01, 2.3550954e-01, 2.2691147e-01, 2.1864519e-01, 2.1069580e-01, 2.0304920e-01, 1.9569206e-01, 1.8861178e-01, 1.8179644e-01, 1.7523476e-01, 1.6891605e-01, 1.6283020e-01, 1.5696763e-01, 1.5131924e-01, 1.4587640e-01, 1.4063092e-01, 1.3557502e-01, 1.3070129e-01, 1.2600269e-01, 1.2147250e-01, 1.1710433e-01, 1.1289207e-01, 1.0882990e-01, 1.0491226e-01, 1.0113381e-01, 9.7489460e-02, 9.3974345e-02, 9.0583788e-02, 8.7313308e-02, 8.4158608e-02, 8.1115564e-02, 7.8180213e-02, 7.5348747e-02, 7.2617504e-02, 6.9982964e-02, 6.7441736e-02, 6.4990557e-02, 6.2626284e-02, 6.0345889e-02, 5.8146453e-02, 5.6025161e-02, 5.3979301e-02]
AlphaS_Lambda4: 0.342207
AlphaS_Lambda5: 0.239
