      NEVENTS = 1500

      EVENT_NORM = 'average'

      ISEED = 0

      LPP(1) = 1

      LPP(2) = 1

      EBEAM(1) = 6.800000000000000D+03

      EBEAM(2) = 6.800000000000000D+03

      PDLABEL = 'lhapdf'

      LHAPDFID(0) = 1

      LHAPDFID(1) = 325300

      LHAPDFSETNAME(1) = 'NNPDF31_nnlo_as_0118_mc_hessian_pdfas'

      SHOWER_MC = 'PYTHIA8'

      SHOWER_SCALE_FACTOR = 1.000000000000000D+00

      FIXED_REN_SCALE = .FALSE.

      FIXED_FAC_SCALE = .FALSE.

      MUR_REF_FIXED = 9.118800000000000D+01

      MUF1_REF_FIXED = 9.118800000000000D+01

      MUF_REF_FIXED = 9.118800000000000D+01

      MUF2_REF_FIXED = 9.118800000000000D+01

      DYN_SCALE(0) = 1

      DYN_SCALE(1) = -1

      FIXED_QES_SCALE = .FALSE.

      QES_REF_FIXED = 9.118800000000000D+01

      MUR_OVER_REF = 1.000000000000000D+00

      MUF_OVER_REF = 1.000000000000000D+00

      MUF1_OVER_REF = 1.000000000000000D+00

      MUF2_OVER_REF = 1.000000000000000D+00

      QES_OVER_REF = 1.000000000000000D+00

      LSCALEVAR(1) = .FALSE.

      RW_RSCALE_DOWN = 5.000000000000000D-01

      RW_RSCALE_UP = 2.000000000000000D+00

      RW_FSCALE_DOWN = 5.000000000000000D-01

      RW_FSCALE_UP = 2.000000000000000D+00

      SCALEVARR(0) = 3.000000000000000D+00

      SCALEVARR(1) = 1.000000000000000D+00

      SCALEVARR(2) = 2.000000000000000D+00

      SCALEVARR(3) = 5.000000000000000D-01

      SCALEVARF(0) = 3.000000000000000D+00

      SCALEVARF(1) = 1.000000000000000D+00

      SCALEVARF(2) = 2.000000000000000D+00

      SCALEVARF(3) = 5.000000000000000D-01

      LPDFVAR(1) = .FALSE.

      PDF_SET_MIN = 244601

      PDF_SET_MAX = 244700

      STORE_RWGT_INFO = .TRUE.

      ICKKW = 3

      BWCUTOFF = 1.500000000000000D+01

      JETALGO = 1.000000000000000D+00

      JETRADIUS = 1.000000000000000D+00

      PTJ = 1.000000000000000D+01

      ETAJ = -1.000000000000000D+00

      PTL = 1.500000000000000D+01

      ETAL = -1.000000000000000D+00

      DRLL = 0.000000000000000D+00

      DRLL_SF = 0.000000000000000D+00

      MLL = 0.000000000000000D+00

      MLL_SF = 3.000000000000000D+01

      PTGMIN = 1.500000000000000D+01

      ETAGAMMA = 2.600000000000000D+00

      R0GAMMA = 5.000000000000000D-02

      XN = 1.000000000000000D+00

      EPSGAMMA = 1.000000000000000D+00

      ISOEM = .TRUE.

      MAXJETFLAVOR = 5

      IAPPL = 0

      FO_LHE_WEIGHT_RATIO = 1.000000000000000D-03

      PDG_CUT(0) = 1

      PDG_CUT(1) = 0

      PTMIN4PDG(0) = 1.000000000000000D+00

      PTMIN4PDG(1) = 0.000000000000000D+00

      PTMAX4PDG(0) = 1.000000000000000D+00

      PTMAX4PDG(1) = -1.000000000000000D+00

      MXXMIN4PDG(0) = 1.000000000000000D+00

      MXXMIN4PDG(1) = 0.000000000000000D+00

      MXXPART_ANTIPART(1) = .FALSE.

