SetDesc: "NNPDF3.1 NNLO global fit, alphas(MZ)=0.118. mem=0 => average on replicas (setting negative replicas to zero); mem=1-100 => PDF eig.; mem=101 => central value (forced positive definite) Alphas(MZ)=0.116; mem=102 => central value (forced positive definite) Alphas(MZ)=0.120"
SetIndex: 325300 
Authors: NNPDF Collaboration. R.D. Ball, V. Bertone, S. Carrazza, L. Del Debbio, S. Forte, P. Groth-Merrild, A. Guffanti, N.P. Hartland, Z. Kassabov, J.I. Latorre, E. Nocera, J. Rojo, L. Rottoli, E. Slade and M. Ubiali
Reference: arXiv:1706.00428
Format: lhagrid1
DataVersion: 1
NumMembers: 103
Particle: 2212
Flavors: [-5, -4, -3, -2, -1, 21, 1, 2, 3, 4, 5]
OrderQCD: 2
FlavorScheme: variable
NumFlavors: 5
ErrorType: symmhessian+as
XMin: 1.0000000e-09
XMax: 1.0000000e+00
QMin: 1.6500000e+00
QMax: 1.0000000e+05
MZ: 9.1200000e+01
MUp: 0
MDown: 0
MStrange: 0
MCharm: 1.5100000e+00
MBottom: 4.9200000e+00
MTop: 1.7250000e+02
AlphaS_MZ: 0.1180000
AlphaS_OrderQCD: 2
AlphaS_Type: ipol
AlphaS_Qs: [1.6500000e+00, 1.7874388e+00, 1.9429053e+00, 2.1193749e+00, 2.3204100e+00, 2.5502945e+00, 2.8142025e+00, 3.1184123e+00, 3.4705775e+00, 3.8800752e+00, 4.3584516e+00, 4.9200000e+00, 4.9200000e+00, 5.5493622e+00, 6.2897452e+00, 7.1650687e+00, 8.2052867e+00, 9.4481248e+00, 1.0941378e+01, 1.2745972e+01, 1.4940062e+01, 1.7624572e+01, 2.0930715e+01, 2.5030298e+01, 3.0149928e+01, 3.6590777e+01, 4.4756282e+01, 5.5191298e+01, 6.8637940e+01, 8.6115921e+01, 1.0903923e+02, 1.3938725e+02, 1.7995815e+02, 2.3474820e+02, 3.0952544e+02, 4.1270732e+02, 5.5671861e+02, 7.6011795e+02, 1.0509694e+03, 1.4722574e+03, 2.0906996e+03, 3.0112909e+03, 4.4016501e+03, 6.5333918e+03, 9.8535186e+03, 1.5109614e+04, 2.3573066e+04, 3.7444017e+04, 6.0599320e+04, 1.0000000e+05]
AlphaS_Vals: [3.3074891e-01, 3.1762459e-01, 3.0507081e-01, 2.9305875e-01, 2.8156114e-01, 2.7055221e-01, 2.6000761e-01, 2.4990438e-01, 2.4022086e-01, 2.3093662e-01, 2.2203241e-01, 2.1377883e-01, 2.1377883e-01, 2.0671584e-01, 1.9986334e-01, 1.9321629e-01, 1.8676970e-01, 1.8051860e-01, 1.7445809e-01, 1.6858329e-01, 1.6288942e-01, 1.5737175e-01, 1.5202563e-01, 1.4684647e-01, 1.4182979e-01, 1.3697116e-01, 1.3226626e-01, 1.2771084e-01, 1.2330074e-01, 1.1903189e-01, 1.1490031e-01, 1.1090210e-01, 1.0703345e-01, 1.0329062e-01, 9.9669997e-02, 9.6168008e-02, 9.2781186e-02, 8.9506143e-02, 8.6339571e-02, 8.3278245e-02, 8.0319017e-02, 7.7458816e-02, 7.4694649e-02, 7.2023600e-02, 6.9442824e-02, 6.6949551e-02, 6.4541082e-02, 6.2214786e-02, 5.9968105e-02, 5.7798546e-02]
AlphaS_Lambda4: 0.342207
AlphaS_Lambda5: 0.239
